750
228
251
334
360
467
499
532
663
723
743
877
166
179
430
504
559
694
722
732
754
854
926
314
429
626
648
812
830
893
565
955
192
110
502
623
729
844
978
83
222
488
690
406
867
886
301
836
486
546
516
450
194
5
948
802
98
127
35
219
333
462
741
3
89
136
315
446
650
852
889
924
966
201
592
771
23
790
92
121
148
174
245
785
848
606
519
725
787
874
550
109
500
520
530
621
260
302
348
472
551
678
718
747
588
75
278
505
240
268
299
420
435
575
594
677
895
576
13
433
555
313
819
287
312
358
627
63
11
45
216
298
320
597
855
693
21
142
584
655
933
149
724
189
404
509
649
734
842
554
987
514
708
380
255
24
187
217
860
888
936
203
328
457
688
799
483
672
730
733
736
935
629
768
412
436
757
913
411
779
963
719
416
748
209
281
706
786
865
342
70
241
378
497
570
712
997
247
950
994
19
951
549
654
613
41
349
389
282
329
845
972
232
196
804
213
14
975
567
364
541
691
887
140
839
90
25
233
739
878
351
468
560
809
921
357
78
508
254
319
491
728
815
942
976
292
792
87
164
561
746
305
73
272
309
325
644
829
258
473
692
906
998
60
849
275
679
922
905
181
777
707
332
354
370
387
536
539
954
667
177
267
208
507
756
42
485
212
397
986
311
111
125
239
899
4
7
17
367
614
880
308
557
38
316
776
533
870
286
381
393
640
803
50
300
652
864
869
340
859
210
423
656
939
784
154
265
425
460
823
962
170
641
34
646
821
261
283
303
593
969
120
225
235
611
9
702
159
48
145
374
938
277
284
391
687
296
479
970
682
202
197
229
761
77
983
211
352
122
141
671
639
647
540
896
791
908
463
907
515
39
22
658
326
167
362
205
556
742
923
989
453
780
964
704
441
442
775
451
680
531
778
178
616
431
456
669
755
811
843
890
294
396
850
28
139
831
176
875
81
369
103
186
276
106
440
645
767
62
184
638
745
379
900
863
591
917
526
361
569
642
421
596
113
439
448
1
738
400
602
347
279
959
230
480
604
713
132
610
931
971
346
377
851
356
489
506
820
826
16
29
822
605
193
56
772
112
944
33
914
107
317
43
574
100
827
764
135
925
274
220
807
293
538
992
477
74
766
323
727
493
2 12
71 119
227 327
471 711
861 161
195 478
603 619
805 960
350 64
455 566
612 744
774 788
797 825
846 871
990 949
816 231
385 564
571 932
999 128
426 513
665 911
615 443
256 157
144 143
548 246
705 716
30 595
168 828
413 553
46 249
330 253
408 469
543 953
26 44
95 288
395 474
490 673
116 689
840 573
215 280
289 375
410 476
578 657
681 853
91 20
273 424
720 382
617 941
957 31
703 55
88 366
399 434
668 697
698 200
583 834
102 165
345 422
438 631
817 934
376 783
96 126
290 740
452 58
93 285
372 991
65 146
338 517
580 581
609 751
795 608
250 501
632 752
894 996
8 124
318 525
527 620
666 884
927 982
558 130
582 79
535 18
99 147
339 415
481 636
753 995
454 572
891 6
837 67
198 234
946 175
684 236
263 409
482 685
847 883
915 0
968 190
306 324
335 365
511 562
965 53
188 343
432 670
695 721
765 137
353 118
534 470
659 717
737 675
156 51
114 153
155 872
937 252
61 82
206 993
169 458
643 674
714 789
873 909
262 856
117 160
769 814
862 945
910 929
355 383
524 701
710 158
291 686
150 344
494 634
129 226
401 637
796 547
85 414
495 36
770 916
984 52
943 903
37 484
552 625
801 47
123 32
68 204
304 492
528 979
307 599
587 428
618 242
940 163
537 66
386 577
76 244
418 806
590 57
183 521
568 735
947 545
15 902
180 398
466 980
151 475
402 522
185 368
437 653
133 662
868 904
394 841
363 607
589 628
660 835
700 27
115 223
750 876
758 218
726 238
624 449
683 243
879 956
919 920
257 182
331 405
885 86
138 97
882 105
813 958
760 798
336 661
715 373
461 419
503 173
630 818
214 392
600 973
981 359
977 447
563 221
337 781
985 407
371 773
94 297
967 108
266 270
518 264
427 898
510 321
800 833
523 162
269 384
101 134
832 824
763 496
512 49
72 341
585 199
388 901
664 866
952 295
10 586
390 794
271 542
622 403
544 709
892 961
80 459
69 84
598 988
676 40
465 172
259 445
131 918
930 974
928 444
808 635
633 858
464 248
171 417
601 498
793 881
152 224
857 207
529 759
651 782
762 810
731 191
838 912
59 310
237 696
897 322
699 579
54 487
749 104
